

intrinsic_matrix =
[532.6367546083241, 			0, 	342.2543181072043;
 		 0, 	532.9458811672718, 	233.7241155038341;
 		 0, 			0, 			1]


distortion_coeffs = [0.090667, -0.742583, 3.70415, -6.3804]

